script internal name (ver:2508014): multilognorlanglmfit
data-filename:8A FF old
this-filename:fits/8A FF old.fit.04
[[Definition parameters]]
ndist: 1
weight: sep
[[status]]
Fit succeeded.
[[Fit Statistics]]
    # fitting method   = leastsq
    # function evals   = 2094
    # data points      = 249
    # variables        = 5
    chi-square         = 2.0071e+08
    reduced chi-square = 822562.138
    Akaike info crit   = 3396.37376
    Bayesian info crit = 3413.96103
[[Variables]]
    N0:    1.0612e+20 +/- 4.1491e+20 (390.99%) (init = 6.360146e+17)
    mu0:   0.56460033 +/- 6.27943486 (1112.19%) (init = 7.65)
    sig0:  2.79977310 +/- 0.94175879 (33.64%) (init = 1.596)
    C:    -1.8812e-04 +/- 2.4370e-04 (129.54%) (init = 0.001445307)
    T:     300 (fixed)
    dc:    0.15145818 +/- 0.10778306 (71.16%) (init = 0.03997979)
[[Correlations]] (unreported correlations are < 0.100)
    C(N0, mu0)   = -0.9997
    C(mu0, sig0) = -0.9997
    C(N0, sig0)  = +0.9987
    C(N0, C)     = -0.9625
    C(mu0, C)    = +0.9557
    C(sig0, C)   = -0.9483
[[Derived Parameters]]
    mean-mu      = 88.6+/-603.3 mb
    stddev       = 4461+/-36583 mb
    <mu>_mu      = 224739+/-2269768 mb
    sum squares  = 7.145336e+03
    m_s          = (0.872+/-6.846)e+02 (units)
[[data]]
1.899990e+04 6.401976e+01 -1.000000e-03 6.411094e+01 
1.799990e+04 6.388911e+01 -1.000000e-03 6.384822e+01 
1.699990e+04 6.369153e+01 -1.000050e-03 6.355337e+01 
1.600000e+04 6.348488e+01 -1.000050e-03 6.322222e+01 
1.500000e+04 6.321714e+01 -1.000000e-03 6.284964e+01 
1.400000e+04 6.288185e+01 -1.000000e-03 6.242951e+01 
1.300000e+04 6.254113e+01 -1.000000e-03 6.195429e+01 
1.200000e+04 6.214476e+01 -1.000000e-03 6.141456e+01 
1.100000e+04 6.163548e+01 -1.000000e-03 6.079836e+01 
1.000000e+04 6.105302e+01 -1.000015e-03 6.009026e+01 
9.000030e+03 6.041391e+01 -9.999850e-04 5.926986e+01 
7.999970e+03 5.952460e+01 -9.999900e-04 5.830926e+01 
7.000010e+03 5.862460e+01 -1.000000e-03 5.716963e+01 
5.999970e+03 5.755343e+01 -1.000000e-03 5.579350e+01 
5.000010e+03 5.588246e+01 -1.000025e-03 5.409242e+01 
4.000020e+03 5.392298e+01 -9.999900e-04 5.191832e+01 
2.999990e+03 5.171976e+01 -9.999900e-04 4.899671e+01 
2.000000e+03 4.870363e+01 -1.000003e-03 4.472526e+01 
9.999960e+02 4.098448e+01 -1.904753e-03 3.727938e+01 
9.499950e+02 3.970544e+01 -1.999980e-02 3.673162e+01 
8.999950e+02 3.879738e+01 -1.999960e-02 3.615573e+01 
8.499930e+02 3.788690e+01 -2.000000e-02 3.554876e+01 
7.999950e+02 3.696069e+01 -2.000080e-02 3.490739e+01 
7.499970e+02 3.586210e+01 -2.000040e-02 3.422757e+01 
6.999970e+02 3.477923e+01 -1.999960e-02 3.350451e+01 
6.499950e+02 3.373569e+01 -2.000000e-02 3.273251e+01 
5.999970e+02 3.257500e+01 -2.000020e-02 3.190472e+01 
5.499960e+02 3.112399e+01 -1.999960e-02 3.101246e+01 
4.999950e+02 2.949375e+01 -1.999980e-02 3.004503e+01 
4.499950e+02 2.761633e+01 -2.000080e-02 2.898870e+01 
3.999990e+02 2.572601e+01 -1.999900e-02 2.782549e+01 
3.499900e+02 2.334516e+01 -1.999860e-02 2.653060e+01 
2.999920e+02 2.113327e+01 -2.000220e-02 2.507048e+01 
2.500010e+02 1.873165e+01 -2.000260e-02 2.339491e+01 
2.000050e+02 1.612821e+01 -3.333167e-02 2.142484e+01 
1.899980e+02 1.537107e+01 -9.995502e-02 2.098482e+01 
1.799960e+02 1.468984e+01 -1.000050e-01 2.052671e+01 
1.699990e+02 1.409409e+01 -1.000100e-01 2.004884e+01 
1.599980e+02 1.343194e+01 -9.999000e-02 1.954883e+01 
1.499970e+02 1.286544e+01 -9.999500e-02 1.902460e+01 
1.399970e+02 1.226726e+01 -1.000100e-01 1.847354e+01 
1.299990e+02 1.171329e+01 -9.999000e-02 1.789255e+01 
1.199950e+02 1.121440e+01 -9.998500e-02 1.727736e+01 
1.099960e+02 1.061129e+01 -1.000650e-01 1.662402e+01 
1.000080e+02 1.011865e+01 -1.000205e-01 1.592735e+01 
9.000010e+01 9.604536e+00 -9.995252e-02 1.517798e+01 
7.999850e+01 9.138165e+00 -1.000085e-01 1.436855e+01 
7.000180e+01 8.575907e+00 -1.000250e-01 1.348692e+01 
6.000350e+01 8.151956e+00 -1.000200e-01 1.251594e+01 
5.000580e+01 7.744234e+00 -9.998450e-02 1.143212e+01 
4.000040e+01 7.326371e+00 -9.999850e-02 1.019851e+01 
3.000550e+01 6.914415e+00 -9.997101e-02 8.758295e+00 
1.999460e+01 6.471129e+00 -1.665487e-01 6.996076e+00 
1.799700e+01 6.237238e+00 -5.001125e-01 6.588259e+00 
1.599550e+01 6.042762e+00 -5.001751e-01 6.154328e+00 
1.399840e+01 5.868931e+00 -4.999625e-01 5.691694e+00 
1.199520e+01 5.718730e+00 -4.997676e-01 5.191995e+00 
9.996540e+00 5.568589e+00 -5.012355e-01 4.649697e+00 
8.005060e+00 5.418609e+00 -4.996390e-01 4.054079e+00 
5.993650e+00 5.247843e+00 -4.992598e-01 3.377553e+00 
3.999130e+00 5.025988e+00 -5.008703e-01 2.598931e+00 
2.000600e+00 4.586552e+00 -5.001313e-01 1.637247e+00 
1.798950e-04 3.573911e+00 -4.993770e-01 1.517210e-01 
-2.004390e+00 1.713599e+00 -5.001225e-01 -1.336424e+00 
-3.998840e+00 2.379657e-01 -5.000025e-01 -2.295891e+00 
-6.004370e+00 -2.277681e-01 -5.007887e-01 -3.078491e+00 
-7.992540e+00 -7.360020e-01 -5.010296e-01 -3.747209e+00 
-9.996150e+00 -1.374040e+00 -4.979385e-01 -4.346670e+00 
-1.200910e+01 -1.644256e+00 -4.986350e-01 -4.892686e+00 
-1.400710e+01 -1.941435e+00 -5.020584e-01 -5.390865e+00 
-1.599270e+01 -2.252641e+00 -5.015297e-01 -5.850785e+00 
-1.799490e+01 -2.591149e+00 -4.979460e-01 -6.284901e+00 
-2.000920e+01 -2.989657e+00 -1.665126e-01 -6.696057e+00 
-3.000600e+01 -4.097218e+00 -1.000315e-01 -8.455457e+00 
-4.000290e+01 -4.628367e+00 -9.998550e-02 -9.895926e+00 
-5.000890e+01 -4.997480e+00 -1.000245e-01 -1.112956e+01 
-5.999800e+01 -5.313871e+00 -1.000140e-01 -1.221246e+01 
-7.000610e+01 -5.598569e+00 -1.000355e-01 -1.318440e+01 
-7.999090e+01 -5.861794e+00 -9.997950e-02 -1.406499e+01 
-9.001020e+01 -6.110161e+00 -9.990958e-02 -1.487584e+01 
-1.000090e+02 -6.356391e+00 -1.000310e-01 -1.562451e+01 
-1.100040e+02 -6.585585e+00 -1.000600e-01 -1.632164e+01 
-1.199970e+02 -6.832157e+00 -1.000150e-01 -1.697457e+01 
-1.300010e+02 -7.075706e+00 -1.000200e-01 -1.758975e+01 
-1.399930e+02 -7.317863e+00 -1.000200e-01 -1.817040e+01 
-1.499970e+02 -7.553327e+00 -9.997501e-02 -1.872169e+01 
-1.599980e+02 -7.811734e+00 -9.996501e-02 -1.924592e+01 
-1.700040e+02 -8.065444e+00 -1.000000e-01 -1.974617e+01 
-1.799980e+02 -8.325907e+00 -1.000450e-01 -2.022388e+01 
-1.899950e+02 -8.589718e+00 -1.000400e-01 -2.068177e+01 
-1.999900e+02 -8.846431e+00 -3.332944e-02 -2.112128e+01 
-2.500020e+02 -1.025998e+01 -1.999660e-02 -2.309203e+01 
-3.000070e+02 -1.178315e+01 -2.000040e-02 -2.476803e+01 
-3.500000e+02 -1.369659e+01 -2.000080e-02 -2.622796e+01 
-4.000030e+02 -1.596599e+01 -2.000100e-02 -2.752267e+01 
-4.499950e+02 -1.830101e+01 -2.000040e-02 -2.868578e+01 
-5.000010e+02 -2.062097e+01 -1.999820e-02 -2.974224e+01 
-5.500040e+02 -2.271048e+01 -1.999900e-02 -3.070969e+01 
-6.000060e+02 -2.466694e+01 -2.000100e-02 -3.160195e+01 
-6.499990e+02 -2.635988e+01 -1.999880e-02 -3.242966e+01 
-7.000120e+02 -2.799778e+01 -1.999820e-02 -3.320182e+01 
-7.500080e+02 -2.952238e+01 -1.999980e-02 -3.392481e+01 
-8.000130e+02 -3.085726e+01 -2.000060e-02 -3.460471e+01 
-8.500050e+02 -3.176976e+01 -2.000160e-02 -3.524600e+01 
-9.000050e+02 -3.253750e+01 -1.999960e-02 -3.585293e+01 
-9.500070e+02 -3.328609e+01 -1.999900e-02 -3.642884e+01 
-1.000010e+03 -3.405403e+01 -1.904756e-03 -3.697661e+01 
-2.000010e+03 -4.189073e+01 -9.999850e-04 -4.442240e+01 
-3.000040e+03 -4.572198e+01 -9.999900e-04 -4.869396e+01 
-4.000030e+03 -4.874718e+01 -1.000020e-03 -5.161543e+01 
-5.000000e+03 -5.098226e+01 -1.000010e-03 -5.378948e+01 
-6.000010e+03 -5.339194e+01 -9.999950e-04 -5.549064e+01 
-7.000010e+03 -5.524778e+01 -1.000010e-03 -5.686671e+01 
-7.999990e+03 -5.691593e+01 -1.000005e-03 -5.800637e+01 
-9.000000e+03 -5.794335e+01 -1.000000e-03 -5.896691e+01 
-9.999990e+03 -5.909073e+01 -1.000000e-03 -5.978734e+01 
-1.100000e+04 -5.979718e+01 -9.999950e-04 -6.049545e+01 
-1.200000e+04 -6.048125e+01 -1.000000e-03 -6.111164e+01 
-1.300000e+04 -6.092077e+01 -1.000000e-03 -6.165138e+01 
-1.400000e+04 -6.146048e+01 -1.000000e-03 -6.212660e+01 
-1.500000e+04 -6.239093e+01 -1.000000e-03 -6.254672e+01 
-1.600000e+04 -6.267016e+01 -1.000000e-03 -6.291930e+01 
-1.700000e+04 -6.293206e+01 -1.000000e-03 -6.325049e+01 
-1.800000e+04 -6.318488e+01 -1.000000e-03 -6.354533e+01 
-1.900000e+04 -6.346310e+01 8.100052e+09 -6.380805e+01 
-1.800000e+04 -6.340665e+01 1.000000e-03 -6.354533e+01 
-1.700000e+04 -6.325746e+01 1.000000e-03 -6.325049e+01 
-1.600000e+04 -6.310786e+01 1.000000e-03 -6.291930e+01 
-1.500000e+04 -6.288831e+01 1.000000e-03 -6.254672e+01 
-1.400000e+04 -6.255423e+01 1.000000e-03 -6.212660e+01 
-1.300000e+04 -6.224657e+01 1.000000e-03 -6.165138e+01 
-1.200000e+04 -6.181552e+01 1.000000e-03 -6.111164e+01 
-1.100000e+04 -6.135101e+01 9.999950e-04 -6.049545e+01 
-9.999990e+03 -6.081694e+01 1.000000e-03 -5.978734e+01 
-9.000000e+03 -6.006411e+01 1.000000e-03 -5.896691e+01 
-7.999990e+03 -5.923972e+01 1.000000e-03 -5.800637e+01 
-7.000000e+03 -5.827722e+01 1.000005e-03 -5.686670e+01 
-6.000000e+03 -5.737177e+01 9.999950e-04 -5.549063e+01 
-4.999990e+03 -5.603286e+01 1.000005e-03 -5.378947e+01 
-4.000010e+03 -5.440262e+01 1.000015e-03 -5.161538e+01 
-3.000020e+03 -5.220685e+01 9.999950e-04 -4.869389e+01 
-2.000000e+03 -4.767319e+01 9.999865e-04 -4.442235e+01 
-9.999930e+02 -4.126653e+01 1.904731e-03 -3.697643e+01 
-9.499830e+02 -3.994637e+01 2.000020e-02 -3.642857e+01 
-8.999940e+02 -3.894637e+01 2.000400e-02 -3.585280e+01 
-8.500030e+02 -3.795282e+01 1.999980e-02 -3.524597e+01 
-7.999930e+02 -3.698891e+01 1.999820e-02 -3.460445e+01 
-7.499940e+02 -3.598569e+01 2.000080e-02 -3.392461e+01 
-6.999970e+02 -3.500383e+01 2.000140e-02 -3.320159e+01 
-6.500010e+02 -3.386613e+01 2.000040e-02 -3.242969e+01 
-5.999990e+02 -3.260625e+01 1.999900e-02 -3.160183e+01 
-5.499960e+02 -3.125867e+01 1.999840e-02 -3.070954e+01 
-4.999910e+02 -2.972964e+01 2.000120e-02 -2.974203e+01 
-4.500020e+02 -2.798185e+01 2.000160e-02 -2.868594e+01 
-3.999990e+02 -2.606048e+01 1.999820e-02 -2.752257e+01 
-3.499930e+02 -2.372440e+01 1.999900e-02 -2.622777e+01 
-2.999940e+02 -2.144798e+01 1.999940e-02 -2.476763e+01 
-2.499900e+02 -1.885593e+01 1.999820e-02 -2.309160e+01 
-1.999850e+02 -1.604776e+01 3.333778e-02 -2.112106e+01 
-1.899980e+02 -1.525710e+01 1.000600e-01 -2.068190e+01 
-1.799970e+02 -1.458214e+01 9.999500e-02 -2.022384e+01 
-1.699970e+02 -1.402496e+01 1.000200e-01 -1.974582e+01 
-1.600010e+02 -1.342125e+01 1.000050e-01 -1.924607e+01 
-1.499980e+02 -1.293609e+01 1.000100e-01 -1.872174e+01 
-1.400030e+02 -1.237339e+01 1.000400e-01 -1.817096e+01 
-1.300060e+02 -1.179990e+01 9.999000e-02 -1.759005e+01 
-1.200010e+02 -1.125933e+01 9.995002e-02 -1.697482e+01 
-1.099960e+02 -1.073054e+01 1.000050e-01 -1.632110e+01 
-1.000020e+02 -1.019605e+01 9.998800e-02 -1.562400e+01 
-8.999360e+01 -9.732319e+00 9.996501e-02 -1.487455e+01 
-7.999500e+01 -9.269778e+00 1.000425e-01 -1.406534e+01 
-7.000210e+01 -8.645040e+00 9.999750e-02 -1.318403e+01 
-5.999450e+01 -8.245423e+00 1.000150e-01 -1.221210e+01 
-5.000510e+01 -7.846694e+00 9.996801e-02 -1.112912e+01 
-3.998810e+01 -7.437964e+00 9.994953e-02 -9.893965e+00 
-2.999500e+01 -7.029859e+00 1.000726e-01 -8.453724e+00 
-2.000260e+01 -6.600262e+00 1.666375e-01 -6.694747e+00 
-1.799290e+01 -6.385363e+00 4.999000e-01 -6.284481e+00 
-1.600180e+01 -6.211129e+00 5.005130e-01 -5.852822e+00 
-1.399700e+01 -6.043508e+00 5.005256e-01 -5.388441e+00 
-1.200600e+01 -5.873145e+00 4.994656e-01 -4.891881e+00 
-9.992720e+00 -5.711472e+00 4.995741e-01 -4.345696e+00 
-8.002590e+00 -5.541492e+00 5.010786e-01 -3.750383e+00 
-6.001330e+00 -5.347359e+00 4.999987e-01 -3.077398e+00 
-4.002580e+00 -5.073206e+00 4.989149e-01 -2.297486e+00 
-1.992630e+00 -4.551835e+00 4.982481e-01 -1.329925e+00 
1.148410e-02 -3.523024e+00 5.006609e-01 1.675316e-01 
2.002090e+00 -1.810268e+00 5.007128e-01 1.638070e+00 
4.005790e+00 -1.403232e-01 5.005794e-01 2.601771e+00 
5.997460e+00 2.590403e-01 5.011916e-01 3.378923e+00 
7.996280e+00 7.287843e-01 4.990468e-01 4.051307e+00 
1.000510e+01 1.431224e+00 4.997851e-01 4.652128e+00 
1.199800e+01 1.695298e+00 4.994132e-01 5.192722e+00 
1.400980e+01 1.989502e+00 4.999750e-01 5.694429e+00 
1.599820e+01 2.297681e+00 5.013662e-01 6.154933e+00 
1.799890e+01 2.603690e+00 4.994631e-01 6.588658e+00 
2.000250e+01 3.079093e+00 1.665792e-01 6.997644e+00 
3.000520e+01 3.722016e+00 9.996002e-02 8.758247e+00 
4.001050e+01 4.429194e+00 1.000020e-01 1.019985e+01 
5.000480e+01 4.940020e+00 1.000390e-01 1.143200e+01 
6.000270e+01 5.319214e+00 1.000235e-01 1.251585e+01 
7.000010e+01 5.654254e+00 1.000385e-01 1.348676e+01 
7.999500e+01 5.966391e+00 9.999100e-02 1.436826e+01 
9.000190e+01 6.261472e+00 9.999000e-02 1.517812e+01 
9.999700e+01 6.524516e+00 1.000045e-01 1.592656e+01 
1.100010e+02 6.772601e+00 9.997501e-02 1.662436e+01 
1.200020e+02 7.018609e+00 9.998500e-02 1.727780e+01 
1.300040e+02 7.270222e+00 1.000250e-01 1.789285e+01 
1.399970e+02 7.525464e+00 9.999000e-02 1.847354e+01 
1.500060e+02 7.748750e+00 9.997001e-02 1.902509e+01 
1.600030e+02 7.992681e+00 9.997501e-02 1.954909e+01 
1.700110e+02 8.243065e+00 1.000350e-01 2.004942e+01 
1.799960e+02 8.499657e+00 1.000951e-01 2.052671e+01 
1.899920e+02 8.756210e+00 9.996002e-02 2.098455e+01 
2.000040e+02 9.124476e+00 3.332500e-02 2.142480e+01 
2.500070e+02 1.056442e+01 1.999960e-02 2.339513e+01 
3.000060e+02 1.210385e+01 2.000160e-02 2.507092e+01 
3.499990e+02 1.409571e+01 2.000020e-02 2.653085e+01 
4.000050e+02 1.646708e+01 1.999820e-02 2.782564e+01 
4.500080e+02 1.892492e+01 2.000260e-02 2.898899e+01 
4.999920e+02 2.140907e+01 2.000220e-02 3.004497e+01 
5.499970e+02 2.347056e+01 1.999860e-02 3.101248e+01 
5.999990e+02 2.539919e+01 1.999740e-02 3.190475e+01 
6.500100e+02 2.703105e+01 1.999860e-02 3.273275e+01 
7.000060e+02 2.859113e+01 2.000180e-02 3.350465e+01 
7.500010e+02 3.017903e+01 2.000040e-02 3.422762e+01 
8.000040e+02 3.125887e+01 1.999700e-02 3.490751e+01 
8.500160e+02 3.216109e+01 1.999960e-02 3.554905e+01 
9.000060e+02 3.291149e+01 2.000140e-02 3.615586e+01 
9.500090e+02 3.367702e+01 2.000220e-02 3.673178e+01 
9.999950e+02 3.432702e+01 1.904760e-03 3.727937e+01 
2.000010e+03 4.168266e+01 9.999925e-04 4.472532e+01 
3.000010e+03 4.592944e+01 1.000005e-03 4.899678e+01 
4.000000e+03 4.890706e+01 9.999950e-04 5.191827e+01 
5.000020e+03 5.114677e+01 9.999950e-04 5.409244e+01 
6.000010e+03 5.286915e+01 1.000005e-03 5.579356e+01 
7.000010e+03 5.553407e+01 1.000000e-03 5.716963e+01 
8.000010e+03 5.761714e+01 1.000015e-03 5.830930e+01 
8.999980e+03 5.871734e+01 1.000005e-03 5.926981e+01 
1.000000e+04 5.971552e+01 9.999900e-04 6.009026e+01 
1.100000e+04 6.049214e+01 1.000000e-03 6.079836e+01 
1.200000e+04 6.107601e+01 1.000000e-03 6.141456e+01 
1.300000e+04 6.162984e+01 1.000000e-03 6.195429e+01 
1.400000e+04 6.205887e+01 1.000000e-03 6.242951e+01 
1.500000e+04 6.275665e+01 1.000000e-03 6.284964e+01 
1.600000e+04 6.319657e+01 1.000000e-03 6.322222e+01 
1.700000e+04 6.341875e+01 1.000000e-03 6.355340e+01 
1.800000e+04 6.365565e+01 1.000000e-03 6.384825e+01 
1.900000e+04 6.387661e+01 1.000000e-03 6.411097e+01 
