script internal name (ver:2508014): multilognorlanglmfit
data-filename:8A FF remedida
this-filename:fits/8A FF remedida.fit.00
[[Definition parameters]]
ndist: 1
weight: sep
[[status]]
Fit succeeded.
[[Fit Statistics]]
    # fitting method   = leastsq
    # function evals   = 347
    # data points      = 249
    # variables        = 5
    chi-square         = 6399592.45
    reduced chi-square = 26227.8379
    Akaike info crit   = 2538.41870
    Bayesian info crit = 2556.00596
[[Variables]]
    N0:    3.6131e+17 +/- 5.1024e+15 (1.41%) (init = 7.710958e+17)
    mu0:   9.77957350 +/- 0.03608812 (0.37%) (init = 7.65)
    sig0:  0.15289546 +/- 0.17780482 (116.29%) (init = 1.596)
    C:    -2.6180e-05 +/- 5.8503e-06 (22.35%) (init = 0.0005502741)
    T:     300 (fixed)
    dc:    0.09969755 +/- 0.01922102 (19.28%) (init = 0.01238763)
[[Correlations]] (unreported correlations are < 0.100)
    C(mu0, sig0) = -0.9563
    C(N0, mu0)   = -0.7805
    C(N0, C)     = -0.7662
    C(N0, sig0)  = +0.5645
    C(mu0, C)    = +0.5347
    C(sig0, C)   = -0.3635
[[Derived Parameters]]
    mean-mu      = 17876.9+/-807.7 mb
    stddev       = 2749+/-3311 mb
    <mu>_mu      = 18300+/-1632 mb
    sum squares  = 1.049926e+04
    m_s          = (5.9902+/-0.2836)e+01 (units)
[[data]]
1.900240e+04 5.866613e+01 -9.977053e-04 5.871699e+01 
1.800010e+04 5.874315e+01 -9.974565e-04 5.869937e+01 
1.699730e+04 5.878528e+01 -1.000100e-03 5.867658e+01 
1.600030e+04 5.876028e+01 -1.001352e-03 5.864782e+01 
1.500000e+04 5.874879e+01 -9.998500e-04 5.861164e+01 
1.400000e+04 5.872923e+01 -1.000000e-03 5.856656e+01 
1.300000e+04 5.868165e+01 -1.000000e-03 5.851051e+01 
1.200000e+04 5.862661e+01 -1.000000e-03 5.844076e+01 
1.100000e+04 5.853407e+01 -1.000000e-03 5.835357e+01 
1.000000e+04 5.841855e+01 -9.999950e-04 5.824371e+01 
8.999990e+03 5.827258e+01 -9.999600e-04 5.810361e+01 
7.999920e+03 5.809274e+01 -1.000085e-03 5.792193e+01 
7.000160e+03 5.783851e+01 -1.000180e-03 5.768094e+01 
6.000280e+03 5.750685e+01 -9.999400e-04 5.735088e+01 
5.000040e+03 5.707016e+01 -9.998700e-04 5.687814e+01 
4.000020e+03 5.625746e+01 -9.998600e-04 5.615607e+01 
2.999760e+03 5.499032e+01 -9.999900e-04 5.493477e+01 
2.000000e+03 5.260383e+01 -1.000130e-03 5.246725e+01 
1.000020e+03 4.644153e+01 -1.904432e-03 4.507595e+01 
9.498180e+02 4.583851e+01 -2.000660e-02 4.431352e+01 
9.000530e+02 4.519435e+01 -2.003225e-02 4.348225e+01 
8.499790e+02 4.449597e+01 -1.999360e-02 4.255973e+01 
8.000210e+02 4.373004e+01 -1.999780e-02 4.154159e+01 
7.499680e+02 4.289214e+01 -1.999420e-02 4.041026e+01 
6.999920e+02 4.195343e+01 -2.000700e-02 3.915456e+01 
6.500030e+02 4.092419e+01 -1.999880e-02 3.775578e+01 
5.999860e+02 3.976794e+01 -1.999820e-02 3.619500e+01 
5.499940e+02 3.849516e+01 -2.000340e-02 3.445423e+01 
5.000030e+02 3.707097e+01 -2.000080e-02 3.251240e+01 
4.499980e+02 3.548569e+01 -2.000060e-02 3.034862e+01 
4.000060e+02 3.368286e+01 -2.000300e-02 2.794535e+01 
3.500130e+02 3.165081e+01 -1.999780e-02 2.528664e+01 
2.999950e+02 2.940081e+01 -1.999580e-02 2.236146e+01 
2.499920e+02 2.686048e+01 -2.000200e-02 1.917109e+01 
2.000050e+02 2.409819e+01 -3.333889e-02 1.572666e+01 
1.900020e+02 2.336593e+01 -1.000050e-01 1.500867e+01 
1.800060e+02 2.272298e+01 -1.000450e-01 1.428216e+01 
1.700110e+02 2.209012e+01 -9.995002e-02 1.354699e+01 
1.599960e+02 2.144778e+01 -9.994004e-02 1.280192e+01 
1.499990e+02 2.082339e+01 -1.000100e-01 1.205009e+01 
1.399980e+02 2.019960e+01 -1.000250e-01 1.129026e+01 
1.300040e+02 1.956198e+01 -1.000050e-01 1.052363e+01 
1.199990e+02 1.891819e+01 -9.998000e-02 9.749249e+00 
1.100000e+02 1.823931e+01 -9.996251e-02 8.968857e+00 
9.999150e+01 1.759296e+01 -9.996002e-02 8.181700e+00 
8.999200e+01 1.698954e+01 -1.000620e-01 7.389710e+00 
8.000390e+01 1.635187e+01 -1.000395e-01 6.593589e+00 
6.999990e+01 1.572843e+01 -9.996401e-02 5.791671e+00 
5.999670e+01 1.506956e+01 -9.997201e-02 4.985813e+00 
4.999430e+01 1.439798e+01 -1.000495e-01 4.176562e+00 
4.000660e+01 1.371050e+01 -1.000300e-01 3.365605e+00 
3.000030e+01 1.295802e+01 -1.000075e-01 2.550803e+00 
2.000810e+01 1.223022e+01 -1.665140e-01 1.735393e+00 
1.798930e+01 1.189913e+01 -4.966600e-01 1.570488e+00 
1.598120e+01 1.163903e+01 -5.027526e-01 1.406414e+00 
1.401120e+01 1.139252e+01 -5.018695e-01 1.245417e+00 
1.199610e+01 1.113046e+01 -4.988278e-01 1.080701e+00 
1.000180e+01 1.082300e+01 -5.008213e-01 9.176561e-01 
8.002660e+00 1.057254e+01 -4.995317e-01 7.541924e-01 
5.998050e+00 1.030726e+01 -4.990319e-01 5.902626e-01 
3.994900e+00 9.989153e+00 -5.006747e-01 4.264380e-01 
2.003440e+00 9.520222e+00 -5.009085e-01 2.635600e-01 
2.154480e-03 9.038589e+00 -4.985865e-01 9.987377e-02 
-2.007900e+00 8.623004e+00 -4.979033e-01 -6.452972e-02 
-4.014690e+00 8.315444e+00 -4.995866e-01 -2.286614e-01 
-6.011210e+00 8.033286e+00 -5.006571e-01 -3.919437e-01 
-8.009440e+00 7.696452e+00 -5.022135e-01 -5.553518e-01 
-9.993580e+00 7.436089e+00 -5.009945e-01 -7.175889e-01 
-1.200150e+01 7.226149e+00 -4.995729e-01 -8.817469e-01 
-1.399700e+01 6.976472e+00 -5.005256e-01 -1.044861e+00 
-1.599730e+01 6.738085e+00 -4.992885e-01 -1.208335e+00 
-1.800270e+01 6.527319e+00 -4.985542e-01 -1.372188e+00 
-2.000890e+01 6.354617e+00 -1.666500e-01 -1.536063e+00 
-3.000390e+01 5.600726e+00 -1.000435e-01 -2.351701e+00 
-4.000020e+01 4.852944e+00 -9.997900e-02 -3.165689e+00 
-5.000810e+01 3.989859e+00 -1.000060e-01 -3.978285e+00 
-5.999900e+01 3.148871e+00 -1.000425e-01 -4.786604e+00 
-6.999960e+01 2.303931e+00 -1.000225e-01 -5.592251e+00 
-7.999450e+01 1.400442e+00 -9.999550e-02 -6.393442e+00 
-9.000050e+01 3.392601e-01 -1.000010e-01 -7.190990e+00 
-9.999430e+01 -3.952419e-01 -9.995252e-02 -7.982526e+00 
-1.100100e+02 -1.547859e+00 -9.993654e-02 -8.770245e+00 
-1.200070e+02 -2.248468e+00 -1.000851e-01 -9.550476e+00 
-1.299930e+02 -2.934698e+00 -1.000200e-01 -1.032339e+01 
-1.400030e+02 -3.641774e+00 -9.992006e-02 -1.109124e+01 
-1.500090e+02 -4.342379e+00 -1.000450e-01 -1.185146e+01 
-1.599940e+02 -5.041290e+00 -1.000350e-01 -1.260237e+01 
-1.700020e+02 -5.740040e+00 -9.996002e-02 -1.334693e+01 
-1.800020e+02 -6.410746e+00 -1.000150e-01 -1.408247e+01 
-1.899990e+02 -7.076694e+00 -1.000200e-01 -1.480906e+01 
-1.999980e+02 -7.717218e+00 -3.333111e-02 -1.552677e+01 
-2.500030e+02 -1.060246e+01 -1.999880e-02 -1.897242e+01 
-3.000040e+02 -1.328405e+01 -2.000160e-02 -2.216261e+01 
-3.499950e+02 -1.646437e+01 -2.000180e-02 -2.508625e+01 
-3.999950e+02 -1.996891e+01 -1.999740e-02 -2.774540e+01 
-4.500080e+02 -2.350585e+01 -1.999520e-02 -3.014968e+01 
-5.000190e+02 -2.678810e+01 -2.000080e-02 -3.231366e+01 
-5.500040e+02 -2.981512e+01 -2.000260e-02 -3.425520e+01 
-6.000060e+02 -3.290524e+01 -2.000240e-02 -3.599626e+01 
-6.499920e+02 -3.493891e+01 -2.000060e-02 -3.755606e+01 
-7.000030e+02 -3.692762e+01 -1.999740e-02 -3.895546e+01 
-7.500050e+02 -3.867399e+01 -2.000240e-02 -4.021174e+01 
-7.999910e+02 -4.018306e+01 -1.999920e-02 -4.134155e+01 
-8.500090e+02 -4.147863e+01 -1.999800e-02 -4.236091e+01 
-9.000010e+02 -4.259940e+01 -2.000200e-02 -4.328194e+01 
-9.499990e+02 -4.357681e+01 -2.000120e-02 -4.411700e+01 
-9.999950e+02 -4.442802e+01 -1.904742e-03 -4.487619e+01 
-2.000010e+03 -5.193407e+01 -9.999825e-04 -5.226789e+01 
-3.000030e+03 -5.453004e+01 -1.000005e-03 -5.473581e+01 
-4.000000e+03 -5.585746e+01 -1.000010e-03 -5.595666e+01 
-5.000010e+03 -5.668690e+01 -9.999950e-04 -5.667873e+01 
-6.000010e+03 -5.712802e+01 -1.000005e-03 -5.715138e+01 
-7.000000e+03 -5.745887e+01 -1.000005e-03 -5.748150e+01 
-8.000000e+03 -5.771109e+01 -1.000000e-03 -5.772255e+01 
-9.000000e+03 -5.789274e+01 -1.000000e-03 -5.790422e+01 
-1.000000e+04 -5.804274e+01 -1.000000e-03 -5.804431e+01 
-1.100000e+04 -5.815101e+01 -1.000000e-03 -5.815418e+01 
-1.200000e+04 -5.823407e+01 -1.000000e-03 -5.824137e+01 
-1.300000e+04 -5.830101e+01 -1.000000e-03 -5.831112e+01 
-1.400000e+04 -5.834516e+01 -1.000050e-03 -5.836716e+01 
-1.499990e+04 -5.836673e+01 -1.000000e-03 -5.841224e+01 
-1.600000e+04 -5.839073e+01 -9.999500e-04 -5.844842e+01 
-1.700000e+04 -5.840202e+01 -1.000000e-03 -5.847725e+01 
-1.800000e+04 -5.840222e+01 -1.000000e-03 -5.849998e+01 
-1.900000e+04 -5.839657e+01 8.100052e+09 -5.851755e+01 
-1.800000e+04 -5.844113e+01 1.000000e-03 -5.849998e+01 
-1.700000e+04 -5.846573e+01 1.000000e-03 -5.847725e+01 
-1.600000e+04 -5.847641e+01 9.999500e-04 -5.844842e+01 
-1.499990e+04 -5.847964e+01 1.000000e-03 -5.841224e+01 
-1.400000e+04 -5.844375e+01 1.000050e-03 -5.836716e+01 
-1.300000e+04 -5.839577e+01 1.000000e-03 -5.831112e+01 
-1.200000e+04 -5.833407e+01 1.000000e-03 -5.824137e+01 
-1.100000e+04 -5.824516e+01 9.999900e-04 -5.815418e+01 
-9.999980e+03 -5.813448e+01 1.000000e-03 -5.804431e+01 
-9.000000e+03 -5.798246e+01 1.000010e-03 -5.790422e+01 
-8.000000e+03 -5.779637e+01 1.000005e-03 -5.772255e+01 
-7.000010e+03 -5.753468e+01 1.000000e-03 -5.748150e+01 
-6.000000e+03 -5.720383e+01 9.999850e-04 -5.715138e+01 
-4.999980e+03 -5.678165e+01 1.000005e-03 -5.667871e+01 
-4.000010e+03 -5.596613e+01 9.995902e-04 -5.595667e+01 
-2.999160e+03 -5.470040e+01 9.999950e-04 -5.473439e+01 
-2.000000e+03 -5.229960e+01 1.000420e-03 -5.226786e+01 
-9.999990e+02 -4.606270e+01 1.904749e-03 -4.487625e+01 
-9.499930e+02 -4.543649e+01 1.999920e-02 -4.411691e+01 
-8.999950e+02 -4.478105e+01 2.000040e-02 -4.328184e+01 
-8.499950e+02 -4.406008e+01 2.000000e-02 -4.236064e+01 
-7.999950e+02 -4.328488e+01 2.000060e-02 -4.134164e+01 
-7.499980e+02 -4.242944e+01 2.000140e-02 -4.021158e+01 
-7.000020e+02 -4.148266e+01 1.999920e-02 -3.895543e+01 
-6.499940e+02 -4.043609e+01 1.999900e-02 -3.755612e+01 
-5.999970e+02 -3.928105e+01 2.000280e-02 -3.599597e+01 
-5.500080e+02 -3.799012e+01 1.999960e-02 -3.425535e+01 
-4.999950e+02 -3.655605e+01 1.999780e-02 -3.231268e+01 
-4.499970e+02 -3.497198e+01 2.000060e-02 -3.014918e+01 
-3.999980e+02 -3.318851e+01 2.000160e-02 -2.774555e+01 
-3.500050e+02 -3.117238e+01 1.999980e-02 -2.508680e+01 
-2.999970e+02 -2.896794e+01 1.999700e-02 -2.216219e+01 
-2.499900e+02 -2.652157e+01 2.000220e-02 -1.897156e+01 
-2.000080e+02 -2.384597e+01 3.333667e-02 -1.552748e+01 
-1.899960e+02 -2.315484e+01 9.997001e-02 -1.480884e+01 
-1.800020e+02 -2.206008e+01 1.000000e-01 -1.408247e+01 
-1.699960e+02 -2.162198e+01 9.994004e-02 -1.334649e+01 
-1.599900e+02 -2.111714e+01 1.000150e-01 -1.260207e+01 
-1.499990e+02 -2.057984e+01 1.000851e-01 -1.185070e+01 
-1.400070e+02 -2.000935e+01 9.999000e-02 -1.109155e+01 
-1.299970e+02 -1.942373e+01 9.996002e-02 -1.032370e+01 
-1.199990e+02 -1.844431e+01 1.000150e-01 -9.549854e+00 
-1.100000e+02 -1.800569e+01 1.000100e-01 -8.769462e+00 
-1.000010e+02 -1.747504e+01 9.998950e-02 -7.983055e+00 
-8.999790e+01 -1.690196e+01 9.997051e-02 -7.190784e+00 
-7.999510e+01 -1.630262e+01 1.000220e-01 -6.393490e+00 
-7.000230e+01 -1.571272e+01 1.000240e-01 -5.592468e+00 
-5.999990e+01 -1.509482e+01 9.997251e-02 -4.786676e+00 
-4.999680e+01 -1.448794e+01 9.997501e-02 -3.977369e+00 
-3.999490e+01 -1.381050e+01 9.999150e-02 -3.165258e+00 
-2.999510e+01 -1.314369e+01 1.000235e-01 -2.350984e+00 
-1.999960e+01 -1.244171e+01 1.666681e-01 -1.535304e+00 
-1.799520e+01 -1.217720e+01 5.000625e-01 -1.371575e+00 
-1.600010e+01 -1.197470e+01 5.019576e-01 -1.208564e+00 
-1.401080e+01 -1.169093e+01 5.017687e-01 -1.045989e+00 
-1.201420e+01 -1.149536e+01 4.990643e-01 -8.827851e-01 
-1.000330e+01 -1.128016e+01 4.988949e-01 -7.183836e-01 
-8.005340e+00 -1.103268e+01 4.980452e-01 -5.550165e-01 
-5.987600e+00 -1.082875e+01 4.995429e-01 -3.900129e-01 
-4.001680e+00 -1.032619e+01 5.016655e-01 -2.275974e-01 
-2.000880e+00 -1.012587e+01 4.996023e-01 -6.395555e-02 
1.504400e-03 -9.760605e+00 5.001225e-01 9.982060e-02 
1.998140e+00 -9.504718e+00 4.998743e-01 2.631266e-01 
4.002510e+00 -9.197319e+00 4.991988e-01 4.270604e-01 
6.004560e+00 -8.967581e+00 5.010020e-01 5.907950e-01 
7.994510e+00 -8.613266e+00 5.005331e-01 7.535260e-01 
1.000030e+01 -8.334778e+00 4.992524e-01 9.175335e-01 
1.200050e+01 -8.128387e+00 4.997501e-01 1.081060e+00 
1.400230e+01 -7.872319e+00 4.995878e-01 1.244690e+00 
1.600380e+01 -7.636290e+00 4.998500e-01 1.408261e+00 
1.800350e+01 -7.379375e+00 4.982189e-01 1.571648e+00 
2.001810e+01 -7.162077e+00 1.666528e-01 1.736210e+00 
3.000450e+01 -6.435645e+00 1.000630e-01 2.551145e+00 
4.000550e+01 -5.599617e+00 1.000005e-01 3.365515e+00 
5.000440e+01 -4.577258e+00 1.000090e-01 4.177381e+00 
6.000370e+01 -3.623669e+00 1.000570e-01 4.986378e+00 
6.999300e+01 -2.527419e+00 9.998700e-02 5.791116e+00 
8.000630e+01 -1.612792e+00 9.991357e-02 6.593781e+00 
9.001030e+01 -4.472863e-01 9.997651e-02 7.391164e+00 
1.000110e+02 3.813629e-01 1.000415e-01 8.183239e+00 
1.100020e+02 1.892437e+00 1.000650e-01 8.969014e+00 
1.199980e+02 2.574516e+00 1.000250e-01 9.749171e+00 
1.299970e+02 3.301310e+00 9.996501e-02 1.052309e+01 
1.400050e+02 3.997298e+00 9.992006e-02 1.129079e+01 
1.500130e+02 4.683871e+00 9.998500e-02 1.205115e+01 
1.600080e+02 5.388004e+00 1.000751e-01 1.280281e+01 
1.699980e+02 6.100323e+00 1.000450e-01 1.354603e+01 
1.799990e+02 6.760746e+00 1.000250e-01 1.428165e+01 
1.899930e+02 7.399335e+00 9.992506e-02 1.500802e+01 
2.000140e+02 8.000544e+00 3.332889e-02 1.572731e+01 
2.500010e+02 1.089220e+01 2.000120e-02 1.917169e+01 
3.000080e+02 1.354421e+01 1.999940e-02 2.236225e+01 
3.500040e+02 1.677413e+01 2.000100e-02 2.528614e+01 
4.000030e+02 2.028528e+01 1.999940e-02 2.794520e+01 
4.500070e+02 2.378810e+01 1.999960e-02 3.034903e+01 
5.000050e+02 2.707359e+01 1.999920e-02 3.251248e+01 
5.500110e+02 3.005383e+01 1.999800e-02 3.445486e+01 
6.000150e+02 3.272843e+01 2.000180e-02 3.619596e+01 
6.500020e+02 3.506431e+01 2.000320e-02 3.775575e+01 
6.999990e+02 3.709194e+01 1.999800e-02 3.915475e+01 
7.500120e+02 3.883649e+01 1.999840e-02 4.041130e+01 
8.000070e+02 4.032218e+01 1.999980e-02 4.154129e+01 
8.500130e+02 4.159738e+01 2.000140e-02 4.256039e+01 
9.000000e+02 4.270464e+01 2.000020e-02 4.348132e+01 
9.500120e+02 4.366129e+01 2.000000e-02 4.431660e+01 
1.000000e+03 4.451028e+01 1.904784e-03 4.507566e+01 
2.000000e+03 5.201714e+01 9.999950e-04 5.246725e+01 
3.000010e+03 5.461855e+01 9.999900e-04 5.493518e+01 
4.000020e+03 5.596069e+01 9.999950e-04 5.615607e+01 
5.000020e+03 5.680423e+01 1.000005e-03 5.687813e+01 
6.000010e+03 5.724496e+01 1.000000e-03 5.735077e+01 
7.000020e+03 5.757016e+01 1.000005e-03 5.768090e+01 
8.000000e+03 5.782460e+01 1.000005e-03 5.792195e+01 
9.000010e+03 5.802097e+01 1.000005e-03 5.810361e+01 
9.999990e+03 5.816431e+01 1.000005e-03 5.824371e+01 
1.100000e+04 5.827782e+01 9.999950e-04 5.835357e+01 
1.200000e+04 5.835887e+01 1.000000e-03 5.844076e+01 
1.300000e+04 5.842903e+01 1.000000e-03 5.851051e+01 
1.400000e+04 5.847198e+01 1.000000e-03 5.856656e+01 
1.500000e+04 5.850282e+01 1.000000e-03 5.861164e+01 
1.600000e+04 5.852621e+01 1.000000e-03 5.864781e+01 
1.700000e+04 5.853407e+01 1.000000e-03 5.867665e+01 
1.800000e+04 5.853266e+01 1.000000e-03 5.869937e+01 
1.900000e+04 5.851976e+01 1.000000e-03 5.871695e+01 
